version https://git-lfs.github.com/spec/v1
oid sha256:cf22e750d41c7aff32f8625eb5cb3bdc130b9b7f15af37e4fb2b6a4bbcd54a1d
size 2500
